34
17
46
62
27
69
70
24
41
67
6
21
48
2
62
83
54
21
53
21
45
69
66
32
9
15
3
96
82
58
26
15
21
10
34
32
86
85
32
64
69
41
45
3
84
85
88
36
57
36
74
44
53
83
69
66
51
14
54
12
66
74
43
84
42
92
1
39
68
31
98
69
89
90
52
4
24
64
49
25
27
68
39
46
84
82
62
39
41
69
81
72
32
21
98
96
99
62
61
92
85
50
68
27
39
5
55
64
31
66
42
88
66
29
85
99
35
97
100
60
31
63
98
100
51
26
38
69
92
56
6
63
3
57
41
78
100
13
8
80
27
98
8
76
27
94
7
4
36
100
62
2
62
1
62
23
53
69
77
14
68
87
73
76
60
79
85
10
89
8
99
22
90
21
34
33
55
22
73
58
20
34
34
92
95
5
2
3
95
19
26
32
37
95
12
41
26
33
17
49
9
97
15
28
2
40
13
41
68
29
68
31
96
19
94
34
54
82
81
56
78
83
16
71
83
68
86
95
10
94
8
23
6
25
49
24
20
6
91
56
93
61
35
66
51
95
36
18
1
78
88
45
52
62
71
27
82
45
46
35
54
18
32
75
22
45
25
72
71
71
15
48
92
25
64
17
48
50
20
88
32
69
94
32
6
64
71
45
54
23
42
75
60
56
2
75
29
61
44
7
71
65
47
31
64
40
54
27
98
55
80
32
26
59
3
86
24
1
69
59
74
80
18
49
29
40
89
36
24
89
88
87
6
14
17
68
22
64
68
67
11
44
47
100
44
11
50
2
54
17
52
29
93
86
33
91
47
99
2
24
52
18
4
10
67
93
26
13
42
35
65
60
34
2
49
31
33
19
6
18
91
88
83
8
38
60
95
21
81
27
22
23
63
44
16
93
41
38
33
51
86
38
60
19
52
92
95
91
38
3
58
28
94
84
34
65
36
97
72
8
98
6
32
16
14
42
98
90
87
56
90
96
86
55
33
54
28
64
56
46
65
5
83
79
69
94
30
79
11
52
57
44
66
26
53
81
6
45
5
10
95
6
4
82
13
63
42
39
51
80
37
73
42
27
43
94
23
53
47
20
13
19
79
36
100
47
30
61
2
53
48
83
59
46
52
60
1
1
67
7
53
91
28
31
15
85
3
40
84
59
58
54
98
86
98
76
27
69
83
66
33
82
37
99
33
54
14
96
75
83
93
23
87
41
68
23
91
49
21
15
45
91
78
44
95
95
86
74
49
76
34
33
19
1
75
72
54
30
99
61
72
7
65
1
67
36
67
58
18
75
86
79
48
68
22
42
4
94
4
38
69
40
48
100
50
61
5
87
67
97
69
62
50
60
44
38
27
77
77
60
29
28
56
74
91
56
86
51
79
33
68
60
26
61
93
32
60
66
51
6
32
80
92
22
6
25
29
88
25
85
16
27
17
45
10
41
84
74
10
95
76
54
9
34
30
10
36
90
68
12
79
61
27
72
28
49
37
35
68
66
27
98
27
95
18
41
43
81
51
53
49
86
56
57
31
78
72
58
93
97
89
39
21
13
6
55
1
46
17
62
4
50
6
44
68
78
28
15
17
89
67
55
39
15
64
94
5
71
41
50
77
80
42
72
77
88
78
14
89
63
40
98
64
90
49
99
80
13
89
53
51
58
42
4
31
35
1
6
50
13
50
31
5
68
85
25
8
35
67
81
1
14
26
54
49
69
91
50
67
65
14
93
82
88
100
20
39
38
41
43
88
72
65
77
14
10
93
97
5
25
91
46
46
9
53
38
32
88
56
62
44
51
40
85
99
57
49
17
68
66
87
71
94
24
93
30
49
50
40
40
77
94
46
42
74
69
48
74
36
62
89
51
83
80
100
38
32
80
78
57
61
76
29
40
39
21
52
22
16
24
89
82
49
16
86
50
5
99
12
31
10
75
82
7
77
36
88
15
25
56
98
69
73
83
79
1
65
7
3
53
17
26
58
12
73
7
2
68
95
51
33
34
69
47
48
86
95
23
63
3
34
38
98
61
27
20
9
66
37
85
85
99
96
59
14
84
18
70
34
71
34
21
20
75
23
64
1
27
36
94
7
43
44
1
20
80
29
98
86
54
98
37
31
10
66
34
38
10
33
64
69
25
90
93
69
13
18
23
38
63
20
83
30
44
78
43
56
96
39
35
56
20
84
81
73
98
90
11
9
90
26
91
94
73
25
83
53
52
32
7
62
6
60
24
34
15
8
88
32
23
78
43
71
99
8
49
41
10
20
72
